0000000000000000000000000000000000000000
0000000000000000000000000000000000000000
0000000000000000000000000000000000000000
0000000000000000000000000000000000000000
0000000000000000111111100000000000000000
0000000000000011111111111100000000000000
0000000000000111111111111110000000000000
0000000000001111111111111111000000000000
0000000000011111100000011111100000000000
0000000000111110000000001111110000000000
0000000011111100000000000111110000000000
0000001111111100000000000011110000000000
0000011111111000000000000011111000000000
0000011111110000000000000001111110000000
0000111110000000000000000001111111000000
0000111100000000000000000001111111100000
0000111100000000000000000000001111110000
0000111100000000000000000000000011110000
0000111100000000000000000000000011110000
0000111110000000000000000000000011110000
0000111111000000000000000000000111110000
0000011111111111111111111111111111100000
0000001111111111111111111111111111100000
0000000111111111111111111111111111000000
0000000001111111111111111111111100000000
0000000000000000110000000000011000000000
0000000000000001111000000000111100000000
0000000000000001111000000000111100000000
0000000001110011111001110001111000000000
0000000011110011110001111001111000000000
0000000011110011110011111011111000000000
0000000111110011110011110011110000000000
0000000111100011100011110001110000000000
0000000111100000000111110000000000000000
0000000111100000000111100000000000000000
0000000111000000000011100000000000000000
0000000000000000000000000000000000000000
0000000000000000000000000000000000000000
0000000000000000000000000000000000000000
0000000000000000000000000000000000000000
