0000000000000000000000000000000000000000
0000000000000000000000000000000000000000
0000000000000000000000000000000000000000
0000000000000000001110000000000000000000
0000000000000000001111000000000000000000
0000000000000000011111000000000000000000
0000000000000000011111000000000000000000
0000000000000000011111000000000000000000
0000000111100000011111000000011100000000
0000000111110000001110000001111100000000
0000000111111000000000000011111100000000
0000000011111000111111100011111100000000
0000000001111011111111111011110000000000
0000000000110111111111111101100000000000
0000000000001111111111111110000000000000
0000000000011111100000111111000000000000
0000000000011111000000011111000000000000
0000000000111110000000001111100000000000
0000111100111100000000000111100111100000
0011111110111100000000000111101111111000
0011111110111100000000000111101111111000
0011111110111100000000000111101111111000
0000111100111100000000000111100111100000
0000000000111110000000001111100000000000
0000000000011111000000011111000000000000
0000000000011111110000111111000000000000
0000000000001111111111111110000000000000
0000000000110111111111111101110000000000
0000000001111011111111111011111000000000
0000000111111000111111100011111100000000
0000000111111000000000000001111100000000
0000000111100000001110000000111100000000
0000000111000000011111000000011100000000
0000000000000000011111000000000000000000
0000000000000000011111000000000000000000
0000000000000000011111000000000000000000
0000000000000000001111000000000000000000
0000000000000000000100000000000000000000
0000000000000000000000000000000000000000
0000000000000000000000000000000000000000
